-6 3 4
-1 5 7
4 -7 1
9 0 -7
-5 -6 8
-9 -6 2
-6 -9 -7
-7 7 1
-2 4 -7
4 0 8
-8 6 5
1 -8 1
0 0 -2
8 1 0
3 3 6
3 -5 3
-6 -1 -4
-6 -4 8
7 5 -7
-9 -3 5
8 -7 2
-1 -1 -8
1 -6 -2
-7 1 -9
-6 7 9
8 0 5
8 3 -3
0 7 4
-8 -9 4
0 7 2
3 0 -1
-7 1 -1
4 -2 9
4 -6 8
5 -3 0
-2 0 -7
3 -9 -6
1 0 0
1 -7 -2
3 2 3
7 -2 -9
-9 -3 4
-5 1 9
6 3 -1
4 8 0
-7 -6 5
-9 7 -9
3 1 -8
-9 -5 3
7 -2 0
0 7 -2
-1 2 4
1 -7 -3
3 0 7
5 -4 3
-2 0 5
-3 -9 5
-3 -7 -8
7 7 -5
1 -2 0
-2 -4 3
0 2 4
-2 6 -3
-6 -7 0
-1 1 4
-3 5 -4
4 1 0
0 -5 0
-3 1 -7
7 3 9
-3 8 8
0 4 -5
6 -1 -5
-9 8 4
-3 -5 4
8 2 -6
1 -5 0
7 3 -5
0 -4 0
-8 0 -4
-8 9 6
9 8 -2
-1 0 -8
-2 0 0
2 1 3
5 4 8
-7 3 8
8 6 -1
-4 4 -1
-2 5 -6
-5 1 7
1 -7 0
8 -5 1
3 -8 -3
-3 -9 -2
0 -4 0
4 -6 8
-9 8 -1
3 -5 -1
-8 4 8
5 -2 -8
4 3 3
-1 -4 -9
7 7 0
-1 -7 0
1 -2 2
7 8 4
-2 -3 -6
9 6 -1
-7 -6 4
0 -6 -6
8 5 -8
2 9 -9
-4 6 -8
7 6 -4
8 -4 6
-6 7 0
3 -9 0
-1 7 -6
-2 6 3
-4 -3 0
2 0 8
-2 4 1
-2 0 -4
1 1 9
-9 2 -3
6 -6 1
4 -5 6
0 -7 -8
-1 5 4
9 2 -3
-7 0 -7
3 9 2
-5 6 -4
-2 -2 5
-6 -3 8
9 4 -3
1 -1 6
3 6 -5
4 -8 -5
-13 -12 0
-24 -2 -25
-22 -24 -22
-33 -18 -35
-38 0 -38
-32 -45 -46
-58 -59 -41
-52 -58 -57
-53 -75 -75
-69 -76 -77
-81 -76 -63
-87 -70 -95
-70 -94 -95
-90 -106 -110
-95 -110 -113
-116 -116 -109
-117 -117 -116
-122 -123 -116
-123 -124 -125
-122 -125 -125
-133 -132 -133
-134 -133 -133
-134 -134 -134
-136 -136 -136
-140 -139 -139
-140 -140 -140
-141 -141 -141
-142 -142 -142
-143 -143 -143
-142 -143 -143
-144 -144 -143
-144 -144 -143
-143 -144 -143
-144 -144 -144
-143 -143 -143
-143 -143 -143
-143 -142 -142
-142 -142 -142
-139 -139 -139
-140 -140 -140
-137 -137 -137
-137 -137 -137
-131 -131 -125
-132 -131 -131
-127 -128 -122
-123 -129 -130
-123 -123 -121
-122 -122 -121
-110 -109 -59
-108 -108 -103
-96 -95 -82
-94 -97 -95
-84 -90 -91
-82 -83 -83
-78 -78 -78
-77 -77 -77
-51 -51 -35
-38 -42 -41
-35 -35 -34
-35 -34 -34
175 119 138
