-6 4 -6
7 -3 9
0 2 9
-2 1 4
7 6 -6
9 1 -9
-9 2 2
3 9 7
-2 -5 5
4 9 5
-9 6 -8
-8 6 -2
-3 -4 -6
0 7 9
1 -1 7
-2 -2 0
2 7 0
-7 -9 -6
-4 6 -5
3 5 7
6 -8 0
3 0 5
8 -1 4
-8 -3 6
7 -4 0
3 -7 9
9 -4 1
-3 9 -7
-7 -6 2
-9 -4 -1
-3 5 0
9 1 3
-4 -4 -3
-8 9 -2
-7 -9 -5
8 -7 -1
-7 -4 -6
-2 1 6
-6 2 -6
-4 -5 -7
-3 5 -2
-9 -7 2
0 -9 1
1 -1 -4
-7 -7 1
-4 7 1
5 -6 9
8 2 5
-1 -6 -8
-77 -84 -24
-42 -89 -88
-87 -86 -64
-89 -90 -34
-39 -91 -96
-96 -66 -97
-66 -96 -94
-93 -96 0
-98 -98 -58
-97 -96 -30
-99 -71 -99
-100 -70 -100
-101 -101 -69
-100 -99 -81
-60 -103 -104
-102 -103 -58
-103 -61 -103
-105 -107 -97
-104 -77 -104
-106 -106 -66
-106 -106 -97
-107 -110 -95
-107 -107 -97
-107 -107 -78
-109 -91 -107
-107 -107 -82
-108 -94 -109
-109 -91 -108
-109 -109 -95
-101 -109 -109
-101 -107 -108
-107 -108 -84
-108 -79 -108
-108 -109 -87
-109 -91 -109
-107 -108 -90
-89 -108 -107
-107 -106 -97
-106 -74 -106
-105 -105 -91
-103 -72 -104
-106 -69 -104
-104 -105 -82
-102 -103 -72
-71 -104 -102
-105 -102 -76
-98 -97 -59
-61 -97 -100
-98 -98 -78
-97 -69 -98
-95 -56 -94
-44 -93 -93
-68 -87 -89
-95 -59 -94
-91 -33 -90
-90 -86 -37
-94 -38 -91
-26 -83 -84
-79 -86 -22
-82 -24 -74
-22 -81 -79
-76 8 -80
-62 -60 -7
-64 -15 -71
18 -56 -56
23 -60 -62
-60 2 -51
-56 -48 16
-49 9 -43
-40 -32 52
-45 -47 37
-39 -28 55
-34 57 -24
-23 47 -26
28 -20 -18
78 -28 -24
-14 -18 25
-22 65 -13
86 -8 -5
-9 -4 55
95 -6 -3
80 -7 -1
-8 -16 106
-1 -6 103
-9 71 -7
123 4 6
-6 92 -6
113 -6 0
0 107 -4
-1 -7 88
-1 -5 114
-2 145 -5
0 -1 146
132 0 0
-4 153 -3
5 8 155
139 8 6
0 -6 140
-6 -2 160
-1 158 2
161 -3 -4
169 -6 -4
1 160 -7
-7 171 -1
-7 169 6
161 -5 -7
171 -8 -1
-8 -3 169
169 -2 -2
169 2 4
-2 2 172
170 0 0
-6 2 177
-7 -7 176
4 180 0
-1 -9 179
-7 181 1
183 -2 -6
0 180 -4
0 -9 184
7 -3 183
184 0 4
0 183 -2
-2 -3 183
-7 183 -2
0 -3 183
183 1 0
6 0 184
182 -6 -2
179 -5 0
179 -8 -7
164 -7 -8
0 -4 166
-5 73 7
156 -4 -7
-2 -3 72
0 -1 163
167 -7 -4
-5 -9 172
-9 -8 176
0 4 172
-8 170 0
-2 0 163
-5 -7 164
-6 -3 163
-2 3 167
-7 -4 163
87 -5 -4
-5 8 -9
-3 -6 5
7 1 -1
169 -9 -9
