3030
40
3060
-170
3090
3150
60
3070
3180
2990
3090
-580
3020
3210
60
3010
3030
3270
2960
60
3080
1860
3310
-170
3130
3080
3260
3170
-530
3050
810
3190
1120
3150
60
3040
2680
3370
-200
3030
-700
3070
3050
3360
3290
60
3020
3300
3330
3010
2530
2610
3280
3270
60
3140
60
3090
3040
3200
-430
3260
2550
3240
-880
3120
3310
2800
3140
3350
60
2910
2760
3480
1690
3130
2680
-530
3090
3170
3190
3070
3090
60
3070
-390
3100
2620
3250
3050
3220
-60
3040
3220
2760
1810
1200
1890
3250
2150
2870
2570
1580
3060
3290
1270
3070
3200
2590
2130
1790
3040
1750
2430
3170
-160
3080
-10
3240
3300
2500
3130
1990
2350
3450
3110
-390
3300
2590
3250
2060
400
3000
-230
3120
2980
-70
4020
3150
2330
720
3200
3000
2490
1920
1980
3040
2050
-440
3020
-680
3010
1760
2780
2220
60
3000
60
970
2700
1480
2550
3100
-100
3030
3260
0
80
2980
-220
2990
1810
2870
2940
3540
2460
230
2990
-70
-290
2990
-130
3200
3050
3520
2770
2360
2350
2620
-2380
3180
2820
2350
570
2260
2970
500
2580
1560
3110
60
1430
2270
1260
1810
-110
90
2990
60
2990
-130
-130
2260
130
3120
-50
3040
2250
2150
3200
3040
3130
2940
60
3100
3120
3240
3060
3120
2660
60
3110
3110
3200
1860
3240
2310
3290
3090
3120
3090
3220
2880
3150
-310
3130
2560
2540
100
3130
2540
3210
3030
2800
2550
2830
3140
3030
-120
3030
3080
150
70
3120
1800
3020
2000
2610
2870
2920
3030
3180
2740
3180
3000
60
3150
60
2990
3290
3390
2750
2830
3050
3010
60
3010
3160
60
2990
60
3010
60
3020
60
2630
570
3110
2400
3080
3200
2920
2260
3170
2930
2970
3110
2710
2980
3190
770
3050
2560
3250
3160
3030
2600
2910
2660
3120
3070
3000
1980
3140
60
3050
60
2970
2650
3140
3050
2750
3280
2380
3060
2760
3250
60
3050
3000
3190
3050
2100
2150
2480
3270
3160
2010
2090
3030
790
3090
-70
3140
2890
2230
3150
1970
2570
-1470
2620
3030
3140
60
2520
980
2390
2240
440
70
3090
3360
2890
1770
1380
3080
1670
1080
3130
2290
3210
60
3000
-20
3140
2510
2900
2630
2730
3180
2030
1670
2810
-700
3130
1440
1600
2190
2220
2760
-520
3150
60
3060
1830
970
3110
3180
3090
3340
2370
-170
880
-1510
620
2790
260
2900
110
2870
2850
-630
520
-440
3130
-180
3060
2360
3010
1820
1540
3450
410
1990
2790
3080
3140
-250
3050
110
2490
1840
2250
-50
2230
2120
2050
2940
-720
2400
360
2940
-10
3460
-720
3090
-970
3020
380
-640
3060
-370
2490
-170
3060
2880
-300
2810
2000
3090
1460
1840
3200
710
3090
60
3180
60
3070
770
2990
1950
1370
3100
1820
2000
2580
1680
1970
2590
2380
-490
3110
-210
3360
2590
2510
2380
3270
2400
2760
2740
140
3050
2220
2160
3260
1150
2200
2600
3120
-390
3060
2400
1490
1360
3060
3210
2860
3100
2950
2340
3260
3080
3120
1830
3340
3230
3090
2870
2190
2620
2020
3090
1510
2280
3120
2830
3050
3300
2430
2820
3110
2740
1910
2830
3330
2090
2220
2690
2180
3030
3380
20
3160
2920
3260
3060
3220
2430
2170
2370
2430
3140
1470
2400
3200
2910
2750
2260
3140
2720
1530
2650
1430
1860
1960
2670
3100
-110
2940
160
1490
-50
2290
1710
2120
2020
770
2300
1770
3140
60
2190
70
3070
1300
2860
2120
2530
480
3190
2590
2010
580
2760
2450
2880
2760
-70
2980
2520
2590
-50
2360
2370
2280
3370
2440
1910
2410
2230
2360
1470
2840
-120
100
2310
2770
-190
3210
2010
2660
2600
2580
60
2550
2000
1980
3070
60
3050
-300
3090
1500
2710
2490
-180
2990
2130
2720
1380
3070
2800
1270
3100
60
2800
1950
-1030
2520
2430
2070
2740
910
3100
-120
2940
-120
3220
2780
2600
2250
1710
1550
3100
-140
2810
60
2600
2710
1900
2520
2570
2260
140
2570
2320
1940
2530
720
2240
2460
440
3090
100
3060
-490
3120
2380
2720
1290
3050
60
2850
2100
3050
60
3050
-150
2520
2400
470
2770
880
2820
2260
2710
2170
2950
1310
2840
250
2670
60
2850
-30
2290
90
2970
2390
2320
790
2700
-210
3160
60
2860
160
3050
1390
2940
-30
3490
-70
3280
30
3000
-230
2480
910
3090
-80
3130
-80
3020
1760
2360
220
3000
10
3030
-120
3080
-220
2520
530
2540
740
3140
-220
3220
-70
2560
-90
3300
-100
2840
-210
2540
2490
2760
1210
1800
1190
2010
1880
1060
2380
960
2750
600
3070
340
2970
60
2650
-480
2960
1770
3120
-10
3040
-280
2670
300
2400
60
1950
470
2280
60
2470
-550
2380
290
70
1920
-50
2950
-150
2770
10
3050
350
2510
-100
3060
170
2090
-50
1610
790
2410
1540
3080
640
3210
-90
90
2110
1650
2030
1490
2590
-370
2970
2740
1100
2260
2480
2840
2550
2280
2760
2230
3120
1920
3140
60
3120
1740
2560
3010
2880
2210
1590
2950
1950
2820
2920
1610
2060
1980
2640
2670
2830
2820
2210
2950
820
3100
-100
90
1720
2700
2380
2310
1900
2540
640
3050
110
3110
260
3120
-150
3080
2420
1880
1560
110
3180
240
3030
790
2500
-160
2930
-70
100
1440
1050
2740
-50
3050
410
2920
60
1790
100
3090
1120
2440
-100
3040
-70
3160
200
3130
440
70
3020
1120
720
1260
2950
1640
380
3030
20
3080
1190
2370
790
2450
-100
3110
770
3260
-30
3140
80
2790
10
70
2010
10
100
430
2980
600
1620
20
3550
1380
2990
2260
3070
480
520
2060
1170
700
3150
60
2950
60
2840
-170
2190
60
3130
-190
70
2860
60
2960
60
2160
-160
2010
790
1390
490
3130
70
2170
60
3010
